	samples	sample_name	n_genes	n_genes_by_counts	log1p_n_genes_by_counts	total_counts	log1p_total_counts	pct_counts_in_top_50_genes	pct_counts_in_top_100_genes	pct_counts_in_top_200_genes	pct_counts_in_top_500_genes	percent_mito	n_counts	predicted_doublet	predicted_doublet_TF	S_score	G2M_score	phase	leiden	Model	DTP
TGGTTAGGTGTAAGTA-4	4	MIA DTP	5408	5407	8.5956346177228	24970.0	10.12547	26.331597917501	34.82979575490589	43.82458950740889	57.28874649579495	0.011093312	24970.0	False	False	-0.09438823974194305	-0.08578232626376944	G1	0	MIA	DTP
GTACTCCAGGTGTGGT-4	4	MIA DTP	5356	5355	8.585972706811063	22440.0	10.018645	28.502673796791445	36.292335115864525	45.04010695187166	57.80748663101605	0.012254902	22440.0	False	False	-0.07957598344208486	-0.09133027854610576	G1	0	MIA	DTP
CGCGGTATCCGTCAAA-4	4	MIA DTP	4373	4373	8.383433201236713	21559.0	9.978595	41.02231086785101	48.95867155248388	58.124217264251584	69.81770954125886	0.036643628	21559.0	False	False	-0.04044453800092236	-0.08401521786238797	G1	0	MIA	DTP
GTTCGGGTCCACGAAT-4	4	MIA DTP	4523	4522	8.416930769477844	17192.0	9.752257	32.80595625872499	42.36854350860865	51.04118194509074	62.78501628664495	0.041007444	17192.0	False	False	-0.04285307563501259	-0.1252503107581849	G1	0	MIA	DTP
ACCAGTAAGCCACCTG-4	4	MIA DTP	4754	4754	8.46695197497949	24702.0	10.11468	37.482794915391466	44.927536231884055	53.45720994251477	66.33875799530402	0.09825116	24702.0	False	False	-0.07449106893038238	-0.07568996677513681	G1	0	MIA	DTP
AACTCCCTCCTAGGGC-4	4	MIA DTP	4885	4885	8.494129251817686	20375.0	9.922113	33.60490797546012	41.37914110429448	50.017177914110434	62.26748466257669	0.05413497	20375.0	False	False	-0.06265703537068247	-0.12865825750825735	G1	0	MIA	DTP
ACGGAGAAGGTTCCTA-4	4	MIA DTP	5418	5416	8.597297435657898	26314.0	10.177895	34.760963745534696	44.13620126168579	53.017405183552476	64.45998327886296	0.028045908	26314.0	False	False	-0.108451217773253	-0.14391876601844278	G1	0	MIA	DTP
AGGGTGAAGGAGTTTA-4	4	MIA DTP	5169	5168	8.550434525196039	28463.0	10.256395	41.320310578645966	48.54372343041844	56.37845624143625	67.22060218529319	0.05758353	28463.0	False	False	-0.09718335742512779	-0.09802521106808687	G1	0	MIA	DTP
GTGCAGCGTATCAGTC-4	4	MIA DTP	3444	3444	8.144679183447758	10994.0	9.305196	31.098781153356374	40.46752774240495	50.14553392759687	62.83427323994907	0.06112425	10994.0	False	False	-0.1107229126137979	-0.06327808529626286	G1	0	MIA	DTP
GATCGTACAGAGTGTG-4	4	MIA DTP	5101	5100	8.537191877922927	28464.0	10.256431	39.379567172568855	47.667228780213605	56.85075885328836	69.05213603147835	0.01524733	28464.0	False	False	-0.08281455799117371	-0.057167750201689405	G1	0	MIA	DTP
CAGCCGACACGCGAAA-4	4	MIA DTP	4098	4098	8.318498320504338	16939.0	9.737433	38.95743550386682	47.42900997697621	56.366963811322975	67.66042859672943	0.047582503	16939.0	False	False	-0.0602648545570383	-0.1294292859431488	G1	0	MIA	DTP
GGATTACAGAAGGCCT-4	4	MIA DTP	4561	4560	8.4252971767117	20135.0	9.910265	35.818226967966226	45.61708467842066	54.983858952073504	65.93990563695058	0.059448723	20135.0	False	False	-0.06601703352261085	-0.13602546409324368	G1	0	MIA	DTP
GATGCTAAGCTAGGCA-4	4	MIA DTP	5296	5294	8.574518258035507	31208.0	10.348462	38.403614457831324	47.814662906946936	57.58459369392463	68.84132273775954	0.051140733	31208.0	False	False	-0.01979482738641701	-0.02787571996578772	G1	0	MIA	DTP
CAGAATCCAGCGAACA-4	4	MIA DTP	4703	4702	8.455955881945048	20589.0	9.932561	36.86920200106853	45.844868619165574	53.98513769488562	65.6758463257079	0.031230269	20589.0	False	False	-0.11211955682630748	-0.13625018705487973	G1	0	MIA	DTP
TAAGAGAAGCTACCGC-4	4	MIA DTP	4716	4715	8.458716261657262	17936.0	9.7946205	33.53033006244425	40.90098126672614	48.84032114183764	60.42038358608386	0.03646298	17936.0	False	False	-0.08132202719983249	-0.12604156595997312	G1	0	MIA	DTP
TGCGGGTCAAGAGGCT-4	4	MIA DTP	4298	4298	8.366137716496281	18557.0	9.828656	33.73928975588726	43.02958452336046	52.443821738427545	65.81882847443013	0.028991755	18557.0	False	False	-0.0300308254481009	-0.12701090567077059	G1	0	MIA	DTP
TAAACCGTCTTGAGGT-4	4	MIA DTP	3341	3340	8.114025442356757	12413.0	9.42658	38.0407637154596	48.30419721259969	57.64923870136147	69.24192378957544	0.027390638	12413.0	False	False	-0.07414219569430479	-0.058926280873485115	G1	0	MIA	DTP
AAAGCAATCTCAAGTG-4	4	MIA DTP	4442	4442	8.399085102935908	14412.0	9.575886	28.302803219539275	35.532889258950874	43.498473494310296	56.33499861226755	0.06543159	14412.0	False	False	-0.058454772498382324	-0.01569739258771924	G1	0	MIA	DTP
CATCCACGTACATCCA-4	4	MIA DTP	4328	4328	8.37309184744198	20622.0	9.934162	40.28222286878091	48.938027349432645	57.588982639899136	69.38706236058579	0.032780524	20622.0	False	False	-0.08721402954414043	-0.11963773636238827	G1	0	MIA	DTP
CGATCGGCAGCCTGTG-4	4	MIA DTP	3861	3861	8.258940462988459	16529.0	9.712933	29.469417387621753	39.609171758727086	50.474922862847116	65.44860548127534	0.014943433	16529.0	False	False	-0.04658958843070256	-0.06861064805746284	G1	0	MIA	DTP
ACAGCTAAGGATCGCA-4	4	MIA DTP	4138	4138	8.328209491748732	18734.0	9.838149	36.00939468346322	48.20646952065763	57.94277783708765	69.24308743461087	0.08978328	18734.0	False	False	-0.05306535748943646	-0.05232804484864334	G1	0	MIA	DTP
TGGCTGGCATACCATG-4	4	MIA DTP	4093	4092	8.317033476492403	15628.0	9.656883	35.206040440235476	45.1049398515485	53.98003583312004	65.55541336063476	0.09131047	15628.0	False	False	-0.07844742030353863	-0.09551006139710891	G1	0	MIA	DTP
GATCGCGCATTACCTT-4	4	MIA DTP	3950	3950	8.281723990411392	12195.0	9.408863	27.166871668716684	35.342353423534234	44.51004510045101	58.42558425584256	0.029520296	12195.0	False	False	-0.07494275169316085	-0.09060275030998605	G1	0	MIA	DTP
GTGAAGGCACTCTGTC-4	4	MIA DTP	2678	2678	7.893198869544609	9645.0	9.174298	34.99222395023328	43.836184551581134	53.810264385692065	68.97874546397097	0.02488336	9645.0	False	False	-0.02001878299331948	-0.03517963719922443	G1	0	MIA	DTP
GCTGCTTAGGACATTA-4	4	MIA DTP	3840	3839	8.253227645581772	14753.0	9.59927	34.33877855351454	44.11306175015251	53.277299532298514	65.66799972886871	0.03890734	14753.0	False	False	-0.08552848033895617	-0.0926557392215647	G1	0	MIA	DTP
CAGGTGCGTGTAAGTA-4	4	MIA DTP	4692	4691	8.453614209773367	37746.0	10.538661	35.41832247125523	45.17299846341334	55.76749854289196	70.13988237164203	0.009616913	37746.0	False	False	-0.00102378255550932	-0.006728246230487678	G1	0	MIA	DTP
GAGCAGATCTGCGGCA-4	4	MIA DTP	3979	3978	8.288785810426928	12018.0	9.394244	26.635047428856716	33.6578465634881	41.978698618738555	55.28374105508404	0.103344984	12018.0	False	False	-0.09822182181203275	-0.0701389205958903	G1	0	MIA	DTP
GCTGCTTGTTAAAGAC-4	4	MIA DTP	3662	3662	8.206037762778815	16484.0	9.710206	43.1873331715603	50.85537490900267	59.724581412278575	71.40863867993205	0.030211113	16484.0	False	False	-0.011042539849270727	-0.08570670054761836	G1	0	MIA	DTP
GTAACTGGTCACCCAG-4	4	MIA DTP	5397	5397	8.59378379357795	24023.0	10.086808	30.991133497065317	38.409024684677185	47.18394871581401	59.880114889897186	0.050618157	24023.0	False	False	-0.11035540613926931	-0.18508236866178024	G1	0	MIA	DTP
TTTCCTCTCTTACCGC-4	4	MIA DTP	5814	5814	8.668196064952765	34594.0	10.451465	30.256691911892236	39.634040585072555	49.38139561773718	62.67849916170434	0.00364225	34594.0	False	False	-0.09107628446315913	-0.10439109720103604	G1	0	MIA	DTP
GGTGCGTAGCTGCCCA-4	4	MIA DTP	4758	4756	8.467372496432281	24338.0	10.099835	40.90722327224916	48.27841235927357	56.376859232475965	67.69660613033118	0.0014791684	24338.0	False	False	-0.07255021683998587	-0.031088431881585082	G1	0	MIA	DTP
TACGGTAGTCTCAACA-4	4	MIA DTP	3914	3914	8.272570608424903	13231.0	9.490394	33.88254856019953	40.58650139823143	48.22764719220014	60.60766381981709	0.10082382	13231.0	False	False	-0.11195866196296139	-0.06491316648314063	G1	0	MIA	DTP
CTCATTAAGAATTCCC-4	4	MIA DTP	4306	4305	8.367764677924308	14755.0	9.599405	35.59471365638767	41.66045408336157	48.95967468654693	60.52863436123348	0.07922738	14755.0	False	False	0.0033017431927880314	-0.11900044514329962	S	0	MIA	DTP
GCGCAACAGATCCCAT-4	4	MIA DTP	5393	5392	8.592857095337227	18994.0	9.851931	27.103295777613983	34.73202063809624	42.539749394545645	54.40138991260398	0.08844899	18994.0	False	False	0.15957170188088726	0.07524885133255355	S	0	MIA	DTP
ATAGACCCAATAGAGT-4	4	MIA DTP	4006	4004	8.29529885950246	14493.0	9.5814905	34.7616090526461	44.34554612571586	53.494790588559994	64.78989857172428	0.09114745	14493.0	False	False	0.008500027180070951	-0.05669348862128051	S	0	MIA	DTP
CCTACACCACCAACCG-4	4	MIA DTP	4043	4043	8.304989580140361	15133.0	9.6247	39.07354787550387	45.80056829445582	53.08266701909734	64.31639463424304	0.022467455	15133.0	False	False	0.04602353084007957	-0.12325862971592524	S	0	MIA	DTP
CTCAGAACAGGTGGAT-4	4	MIA DTP	5846	5846	8.67368398817567	23020.0	10.044162	28.10165073848827	35.199826238053866	43.1624674196351	55.20417028670721	0.052389227	23020.0	False	False	0.24685499575765757	0.13804879627999922	S	0	MIA	DTP
CCAGCGAGTTCCACTC-4	4	MIA DTP	4358	4358	8.379997952238393	20910.0	9.94803	38.761358201817316	47.82400765184122	56.97752271640364	68.78527020564323	0.038737446	20910.0	True	True	0.0038311342648332802	-0.040575505945828316	S	0	MIA	DTP
GAACCTAGTATATCCG-4	4	MIA DTP	4745	4745	8.465057436995709	16545.0	9.7139	34.92293744333635	42.21819280749471	49.46509519492294	60.09670595346026	0.12475068	16545.0	False	False	0.1151705167042365	-0.0886585431094831	S	0	MIA	DTP
CCGTACTAGAAACCGC-4	4	MIA DTP	4228	4226	8.34924780056679	29857.0	10.304208	55.8696453093077	62.07589509997655	68.63717051277757	77.8209465117058	0.02166996	29857.0	False	False	0.018966608332199375	-0.04439908794859787	S	0	MIA	DTP
GCTGCAGGTATAGGTA-4	4	MIA DTP	3668	3668	8.207674424355282	12520.0	9.435163	37.27635782747603	44.72843450479233	52.843450479233226	64.67252396166134	0.18809904	12520.0	False	False	0.013099094628993613	-0.058252164149058455	S	0	MIA	DTP
TTAGTTCAGTGGAGTC-4	4	MIA DTP	3714	3714	8.220133957151859	9256.0	9.133135	22.417891097666377	29.91573033707865	38.8504753673293	52.787381158167676	0.05099395	9256.0	False	False	0.008598770825856417	-0.035085126924473686	S	0	MIA	DTP
TGCGGGTCAACGATCT-4	4	MIA DTP	3646	3645	8.201385955238608	16102.0	9.686761	39.29946590485654	50.186312259346664	60.09191404794435	71.29549124332381	0.02049435	16102.0	False	False	0.024860603145220067	-0.04404111610826594	S	0	MIA	DTP
GTGCTTCCATCACGTA-4	4	MIA DTP	4817	4815	8.479698986988657	23034.0	10.04477	34.110445428497	44.92489363549536	54.21984891898932	65.78536077103412	0.028132327	23034.0	False	False	0.12333945712718494	0.09144150933554007	S	0	MIA	DTP
GGAGCAAGTCCTCCAT-4	4	MIA DTP	2939	2938	7.985824666418917	9833.0	9.193601	36.377504322180414	44.61507169734567	53.72724499135564	66.81582426522932	0.025221193	9833.0	False	False	0.015094679607275605	-0.1384574687244767	S	0	MIA	DTP
TGGTTCCGTTATGTGC-4	4	MIA DTP	4658	4658	8.446556111816797	23884.0	10.081006	38.619996650477304	45.55769552838721	53.46256908390554	65.50829006866522	0.08637582	23884.0	False	False	-0.0634415382048303	0.007121326798103067	G2M	0	MIA	DTP
CTAACTTTCGTCCGTT-4	4	MIA DTP	5544	5544	8.620651899784468	20530.0	9.929691	29.60545543107647	35.81100828056503	43.30735509011203	55.12420847540185	0.060886506	20530.0	False	False	0.36420820990580555	0.4789537418309622	G2M	0	MIA	DTP
TGCTACCTCGCTTAGA-4	4	MIA DTP	4286	4286	8.363342466597977	25196.0	10.13448	39.875377043975234	49.55151611366884	59.5332592474996	72.23765677091602	0.014327671	25196.0	True	True	0.023368641031897272	0.4697875746563526	G2M	0	MIA	DTP
